4.364905357360839844e-01 2.001475989818572998e-01 1.033768892288208008e+00
4.133989810943603516e-01 1.802446842193603516e-01 1.008998990058898926e+00
3.814275860786437988e-01 1.513314247131347656e-01 9.709327816963195801e-01
3.488987088203430176e-01 1.147855594754219055e-01 9.223974943161010742e-01
3.154019713401794434e-01 7.412590831518173218e-02 8.642029166221618652e-01
2.883166670799255371e-01 3.170076757669448853e-02 8.016566634178161621e-01
2.706215977668762207e-01 -3.812156617641448975e-03 7.445268034934997559e-01
2.621122598648071289e-01 -3.058785945177078247e-02 6.988220810890197754e-01
2.651697993278503418e-01 -4.492120444774627686e-02 6.725894212722778320e-01
2.793954014778137207e-01 -4.795008152723312378e-02 6.654984951019287109e-01
3.038951754570007324e-01 -4.067084565758705139e-02 6.760997772216796875e-01
3.310648202896118164e-01 -3.097892552614212036e-02 6.952921152114868164e-01
3.565927147865295410e-01 -2.025744318962097168e-02 7.162411212921142578e-01
3.798102140426635742e-01 -7.699869573116302490e-03 7.374774217605590820e-01
3.994560837745666504e-01 6.935581564903259277e-03 7.585822939872741699e-01
4.105529189109802246e-01 2.172438800334930420e-02 7.806320190429687500e-01
4.169082641601562500e-01 3.756298869848251343e-02 8.040965199470520020e-01
4.156111478805541992e-01 5.095871537923812866e-02 8.291195034980773926e-01
4.134509563446044922e-01 6.383290141820907593e-02 8.548765182495117188e-01
4.110538363456726074e-01 7.591807097196578979e-02 8.814691901206970215e-01
4.089648127555847168e-01 8.914389461278915405e-02 9.055004119873046875e-01
4.083548784255981445e-01 1.041887179017066956e-01 9.279604554176330566e-01
4.097343087196350098e-01 1.199546232819557190e-01 9.499354958534240723e-01
4.134086370468139648e-01 1.382499933242797852e-01 9.695126414299011230e-01
4.243507385253906250e-01 1.570685505867004395e-01 9.922530651092529297e-01
4.351778626441955566e-01 1.758033931255340576e-01 1.011596083641052246e+00
4.493639469146728516e-01 1.922566592693328857e-01 1.030771732330322266e+00
4.570335149765014648e-01 2.044588029384613037e-01 1.043741703033447266e+00
4.625827074050903320e-01 2.115920484066009521e-01 1.052498698234558105e+00
4.596589803695678711e-01 2.139761149883270264e-01 1.053382277488708496e+00
4.514230489730834961e-01 2.092180848121643066e-01 1.046815991401672363e+00
4.325310587882995605e-01 1.971551179885864258e-01 1.029856801033020020e+00
4.075163006782531738e-01 1.753508150577545166e-01 1.002366185188293457e+00
3.762717843055725098e-01 1.454266607761383057e-01 9.631288051605224609e-01
3.432671427726745605e-01 1.084858849644660950e-01 9.127932190895080566e-01
3.114831745624542236e-01 6.769324094057083130e-02 8.544577360153198242e-01
2.866487503051757812e-01 2.740646153688430786e-02 7.935538887977600098e-01
2.703121900558471680e-01 -6.620831787586212158e-03 7.384492158889770508e-01
2.633685469627380371e-01 -3.124686330556869507e-02 6.959961652755737305e-01
2.680065035820007324e-01 -4.449680820107460022e-02 6.722393035888671875e-01
2.831408977508544922e-01 -4.661952331662178040e-02 6.669557690620422363e-01
3.085910081863403320e-01 -3.944781422615051270e-02 6.781873106956481934e-01
3.349518179893493652e-01 -3.044123947620391846e-02 6.963520050048828125e-01
3.593983650207519531e-01 -2.023071795701980591e-02 7.162645459175109863e-01
3.816877603530883789e-01 -7.766649127006530762e-03 7.369693517684936523e-01
4.002391099929809570e-01 6.861172616481781006e-03 7.578914165496826172e-01
4.088425040245056152e-01 2.150287479162216187e-02 7.800124287605285645e-01
4.128067493438720703e-01 3.534301370382308960e-02 8.037019371986389160e-01
4.085679650306701660e-01 4.750663787126541138e-02 8.272144198417663574e-01
4.054453969001770020e-01 5.810377746820449829e-02 8.522114157676696777e-01
4.012663364410400391e-01 6.908962875604629517e-02 8.756545782089233398e-01
3.995491266250610352e-01 8.235172182321548462e-02 8.982026576995849609e-01
3.993320465087890625e-01 9.782827645540237427e-02 9.199676513671875000e-01
4.034982919692993164e-01 1.160744205117225647e-01 9.424600601196289062e-01
4.093133807182312012e-01 1.357835829257965088e-01 9.639904499053955078e-01
4.219861030578613281e-01 1.560730934143066406e-01 9.880335330963134766e-01
4.350340962409973145e-01 1.758811175823211670e-01 1.009563326835632324e+00
4.492003917694091797e-01 1.925353705883026123e-01 1.029538631439208984e+00
4.573296308517456055e-01 2.047173976898193359e-01 1.043233394622802734e+00
4.623500108718872070e-01 2.119066417217254639e-01 1.051884174346923828e+00
4.598132371902465820e-01 2.140195369720458984e-01 1.052885055541992188e+00
4.507780671119689941e-01 2.095150649547576904e-01 1.046207308769226074e+00
4.328883290290832520e-01 1.975772380828857422e-01 1.029990673065185547e+00
4.085716009140014648e-01 1.770149767398834229e-01 1.003664016723632812e+00
3.780444264411926270e-01 1.478115320205688477e-01 9.655717015266418457e-01
3.450632095336914062e-01 1.119019761681556702e-01 9.161956310272216797e-01
3.135728240013122559e-01 7.071473449468612671e-02 8.582176566123962402e-01
2.891355156898498535e-01 3.079748898744583130e-02 7.974982261657714844e-01
2.730833888053894043e-01 -3.767587244510650635e-03 7.424798607826232910e-01
2.672856450080871582e-01 -2.792388945817947388e-02 7.009280920028686523e-01
2.730674743652343750e-01 -4.169943183660507202e-02 6.776908040046691895e-01
2.896556854248046875e-01 -4.310667887330055237e-02 6.732059121131896973e-01
3.158949613571166992e-01 -3.610212355852127075e-02 6.845415830612182617e-01
3.413205742835998535e-01 -2.787256985902786255e-02 7.018430829048156738e-01
3.657343387603759766e-01 -1.759567111730575562e-02 7.212813496589660645e-01
3.868559598922729492e-01 -4.635892808437347412e-03 7.415375113487243652e-01
4.029294252395629883e-01 1.010663062334060669e-02 7.629048824310302734e-01
4.105238318443298340e-01 2.564758807420730591e-02 7.858173251152038574e-01
4.134655594825744629e-01 4.068399220705032349e-02 8.102981448173522949e-01
4.102418422698974609e-01 5.332560092210769653e-02 8.350374698638916016e-01
4.069315791130065918e-01 6.382260471582412720e-02 8.598613142967224121e-01
4.040024280548095703e-01 7.504657655954360962e-02 8.840634822845458984e-01
4.023102521896362305e-01 8.847368508577346802e-02 9.066309332847595215e-01
4.021758437156677246e-01 1.033016815781593323e-01 9.282180666923522949e-01
4.059039950370788574e-01 1.209928169846534729e-01 9.497640132904052734e-01
4.129515886306762695e-01 1.400622427463531494e-01 9.712996482849121094e-01
4.248726963996887207e-01 1.600163877010345459e-01 9.938706755638122559e-01
4.391055107116699219e-01 1.791889369487762451e-01 1.014832377433776855e+00
4.514130949974060059e-01 1.952336728572845459e-01 1.032698988914489746e+00
4.595028162002563477e-01 2.065046727657318115e-01 1.045601010322570801e+00
4.614128470420837402e-01 2.125072777271270752e-01 1.051738381385803223e+00
4.570589661598205566e-01 2.121925055980682373e-01 1.050783753395080566e+00
4.431002140045166016e-01 2.050369679927825928e-01 1.039981961250305176e+00
4.228264689445495605e-01 1.890898644924163818e-01 1.019760608673095703e+00
3.936567306518554688e-01 1.640845835208892822e-01 9.868682026863098145e-01
3.614633083343505859e-01 1.302298605442047119e-01 9.424994587898254395e-01
3.282188177108764648e-01 9.170562773942947388e-02 8.882631063461303711e-01
2.997643947601318359e-01 4.998695105314254761e-02 8.281838297843933105e-01
2.797974348068237305e-01 1.314806193113327026e-02 7.703031301498413086e-01
2.682474553585052490e-01 -1.682203263044357300e-02 7.208446860313415527e-01
2.673771977424621582e-01 -3.561303019523620605e-02 6.880505681037902832e-01
2.774029970169067383e-01 -4.418060556054115295e-02 6.733162403106689453e-01
2.986365556716918945e-01 -4.081786423921585083e-02 6.768307685852050781e-01
3.251478374004364014e-01 -3.311917930841445923e-02 6.916225552558898926e-01
3.558741509914398193e-01 -1.948346942663192749e-02 7.160513401031494141e-01
3.814260363578796387e-01 -3.927297890186309814e-03 7.404794692993164062e-01
4.025571942329406738e-01 1.222916692495346069e-02 7.642232775688171387e-01
4.158888459205627441e-01 2.801821380853652954e-02 7.882589697837829590e-01
4.234179258346557617e-01 4.495967179536819458e-02 8.134135007858276367e-01
4.256651401519775391e-01 6.099706143140792847e-02 8.415162563323974609e-01
4.255542159080505371e-01 7.595095783472061157e-02 8.695951700210571289e-01
4.248628616333007812e-01 9.005118161439895630e-02 8.986715674400329590e-01
4.234499335289001465e-01 1.047678664326667786e-01 9.249090552330017090e-01
4.232878684997558594e-01 1.203621700406074524e-01 9.491864442825317383e-01
4.227231144905090332e-01 1.353747844696044922e-01 9.704083204269409180e-01
4.271299242973327637e-01 1.531611382961273193e-01 9.901185035705566406e-01
4.347637891769409180e-01 1.700674593448638916e-01 1.009656667709350586e+00
4.438744187355041504e-01 1.863521933555603027e-01 1.026344895362854004e+00
4.545996189117431641e-01 1.998130977153778076e-01 1.041260480880737305e+00
4.601190090179443359e-01 2.089921534061431885e-01 1.050758481025695801e+00
4.609370827674865723e-01 2.123980224132537842e-01 1.054341197013854980e+00
4.546246528625488281e-01 2.106055617332458496e-01 1.050209283828735352e+00
4.415321350097656250e-01 2.010602653026580811e-01 1.037430047988891602e+00
4.189372062683105469e-01 1.840335428714752197e-01 1.014203190803527832e+00
3.897352218627929688e-01 1.566025316715240479e-01 9.791980385780334473e-01
3.560744524002075195e-01 1.212717965245246887e-01 9.322791099548339844e-01
3.215422630310058594e-01 7.940875738859176636e-02 8.745416998863220215e-01
2.895465493202209473e-01 3.507708758115768433e-02 8.095188140869140625e-01
2.670367956161499023e-01 -5.221255123615264893e-03 7.468365430831909180e-01
2.533202767372131348e-01 -3.639314323663711548e-02 6.930326819419860840e-01
2.500592172145843506e-01 -5.560138821601867676e-02 6.568040847778320312e-01
2.574204504489898682e-01 -6.274260580539703369e-02 6.408801674842834473e-01
2.771297097206115723e-01 -5.702958256006240845e-02 6.470028162002563477e-01
3.063377737998962402e-01 -4.171440377831459045e-02 6.699432730674743652e-01
3.367795348167419434e-01 -2.562209218740463257e-02 6.986764669418334961e-01
3.641565442085266113e-01 -1.072289049625396729e-02 7.267339229583740234e-01
3.876997232437133789e-01 3.713048994541168213e-03 7.517116665840148926e-01
4.072949290275573730e-01 1.912707835435867310e-02 7.747290134429931641e-01
4.184621572494506836e-01 3.459627181291580200e-02 7.976691722869873047e-01
4.256247282028198242e-01 5.124510079622268677e-02 8.223268389701843262e-01
4.273154735565185547e-01 6.753078848123550415e-02 8.501369357109069824e-01
4.287058115005493164e-01 8.346352726221084595e-02 8.798589706420898438e-01
4.281886219978332520e-01 9.783896058797836304e-02 9.091304540634155273e-01
4.302039742469787598e-01 1.140784844756126404e-01 9.374773502349853516e-01
4.308043718338012695e-01 1.308804750442504883e-01 9.625493288040161133e-01
4.299035072326660156e-01 1.454868018627166748e-01 9.834962487220764160e-01
4.346346259117126465e-01 1.624622046947479248e-01 1.002976775169372559e+00
4.413434863090515137e-01 1.779672801494598389e-01 1.021109938621520996e+00
4.494762420654296875e-01 1.927853524684906006e-01 1.036057591438293457e+00
4.583528041839599609e-01 2.042018175125122070e-01 1.047814726829528809e+00
4.617474675178527832e-01 2.112434506416320801e-01 1.054178953170776367e+00
4.600538015365600586e-01 2.123912274837493896e-01 1.054675698280334473e+00
4.516097903251647949e-01 2.079519033432006836e-01 1.047213077545166016e+00
4.349940419197082520e-01 1.956491768360137939e-01 1.030351281166076660e+00
4.095972180366516113e-01 1.746581494808197021e-01 1.002642273902893066e+00
3.785938620567321777e-01 1.440867185592651367e-01 9.633185863494873047e-01
3.440462052822113037e-01 1.058378145098686218e-01 9.121515750885009766e-01
3.093018233776092529e-01 6.186350435018539429e-02 8.506799340248107910e-01
2.796005308628082275e-01 1.771456748247146606e-02 7.847431898117065430e-01
2.582811713218688965e-01 -2.130432426929473877e-02 7.221295833587646484e-01
2.465219944715499878e-01 -4.956263303756713867e-02 6.711486577987670898e-01
2.442382127046585083e-01 -6.612568348646163940e-02 6.379423737525939941e-01
2.540189921855926514e-01 -6.905682384967803955e-02 6.274394392967224121e-01
2.748000621795654297e-01 -6.040130183100700378e-02 6.383488774299621582e-01
3.055631518363952637e-01 -4.227265343070030212e-02 6.655893325805664062e-01
3.377758860588073730e-01 -2.319289743900299072e-02 6.985381245613098145e-01
3.661404252052307129e-01 -6.619542837142944336e-03 7.297965884208679199e-01
3.906226754188537598e-01 9.043700993061065674e-03 7.572972178459167480e-01
4.108636975288391113e-01 2.508679777383804321e-02 7.817839980125427246e-01
4.228637218475341797e-01 4.091588407754898071e-02 8.054360151290893555e-01
4.314492344856262207e-01 5.807792395353317261e-02 8.312986493110656738e-01
4.350732564926147461e-01 7.542874664068222046e-02 8.604191541671752930e-01
4.305193424224853516e-01 8.525989204645156860e-02 8.922061324119567871e-01
3.931093215942382812e-01 7.046172767877578735e-02 9.091266393661499023e-01
3.869157433509826660e-01 8.828491717576980591e-02 9.148032069206237793e-01
3.944757580757141113e-01 1.166309788823127747e-01 9.344326257705688477e-01
4.120733141899108887e-01 1.484760642051696777e-01 9.605512619018554688e-01
4.353822469711303711e-01 1.810528934001922607e-01 9.904253482818603516e-01
4.639441967010498047e-01 2.116683423519134521e-01 1.021286606788635254e+00
4.916020035743713379e-01 2.334358692169189453e-01 1.049297213554382324e+00
5.136238336563110352e-01 2.464947700500488281e-01 1.071826696395874023e+00
5.261553525924682617e-01 2.542304694652557373e-01 1.083697676658630371e+00
5.334812998771667480e-01 2.570318579673767090e-01 1.088625073432922363e+00
5.312831997871398926e-01 2.552813887596130371e-01 1.083948016166687012e+00
5.190192461013793945e-01 2.441951334476470947e-01 1.073224663734436035e+00
4.940428733825683594e-01 2.259240746498107910e-01 1.050865292549133301e+00
4.609650969505310059e-01 1.945521533489227295e-01 1.022957682609558105e+00
4.198048114776611328e-01 1.539327800273895264e-01 9.834247827529907227e-01
3.762327432632446289e-01 1.042894497513771057e-01 9.345392584800720215e-01
3.372216820716857910e-01 5.243565887212753296e-02 8.768699765205383301e-01
3.069984316825866699e-01 2.184160053730010986e-03 8.145794868469238281e-01
2.851776778697967529e-01 -4.004325717687606812e-02 7.524765729904174805e-01
2.707301378250122070e-01 -6.921617686748504639e-02 6.975520849227905273e-01
2.645534873008728027e-01 -8.429708331823348999e-02 6.582321524620056152e-01
2.656530737876892090e-01 -8.599066734313964844e-02 6.360204219818115234e-01
2.731797695159912109e-01 -7.799822092056274414e-02 6.284782290458679199e-01
2.824727296829223633e-01 -6.478243321180343628e-02 6.298408508300781250e-01
2.917677760124206543e-01 -4.919268190860748291e-02 6.361832022666931152e-01
3.003443181514739990e-01 -3.208161145448684692e-02 6.463688611984252930e-01
3.072102069854736328e-01 -1.503250002861022949e-02 6.594305634498596191e-01
3.122655749320983887e-01 2.435944974422454834e-03 6.788239479064941406e-01
3.153509497642517090e-01 1.975984126329421997e-02 7.021463513374328613e-01
3.283841013908386230e-01 4.413866251707077026e-02 7.406529188156127930e-01
3.503344655036926270e-01 7.254461199045181274e-02 7.910800576210021973e-01
3.781945705413818359e-01 1.043349429965019226e-01 8.470053672790527344e-01
4.091352820396423340e-01 1.373285949230194092e-01 9.027777910232543945e-01
4.401732087135314941e-01 1.703828573226928711e-01 9.532017111778259277e-01
4.685815572738647461e-01 1.982953250408172607e-01 9.960968494415283203e-01
4.901885986328125000e-01 2.197242677211761475e-01 1.029179334640502930e+00
5.099745988845825195e-01 2.357173860073089600e-01 1.054771542549133301e+00
5.256903767585754395e-01 2.482608556747436523e-01 1.072317242622375488e+00
5.378587841987609863e-01 2.553395032882690430e-01 1.085814714431762695e+00
5.402408838272094727e-01 2.575748860836029053e-01 1.091367244720458984e+00
5.357990264892578125e-01 2.520233988761901855e-01 1.092692375183105469e+00
5.196263194084167480e-01 2.392653822898864746e-01 1.084690213203430176e+00
4.921541213989257812e-01 2.170841097831726074e-01 1.067385911941528320e+00
4.552429318428039551e-01 1.865947842597961426e-01 1.038261651992797852e+00
4.128381609916687012e-01 1.478621959686279297e-01 9.962909221649169922e-01
3.697962164878845215e-01 1.024714484810829163e-01 9.429423213005065918e-01
3.290850818157196045e-01 5.510177463293075562e-02 8.771791458129882812e-01
2.989023625850677490e-01 9.794048964977264404e-03 8.109017014503479004e-01
2.769637703895568848e-01 -2.854681015014648438e-02 7.471319437026977539e-01
2.643810510635375977e-01 -5.623783171176910400e-02 6.948642730712890625e-01
2.560669779777526855e-01 -7.584218680858612061e-02 6.541915535926818848e-01
2.549761533737182617e-01 -8.569410443305969238e-02 6.278182268142700195e-01
2.581711709499359131e-01 -8.540096879005432129e-02 6.145879030227661133e-01
2.657350599765777588e-01 -7.748938351869583130e-02 6.102240681648254395e-01
2.733033895492553711e-01 -6.387775391340255737e-02 6.111754775047302246e-01
2.796416580677032471e-01 -4.722949117422103882e-02 6.150073409080505371e-01
2.844670712947845459e-01 -2.925378829240798950e-02 6.224521398544311523e-01
2.890162467956542969e-01 -1.083889603614807129e-02 6.349118947982788086e-01
2.958956360816955566e-01 8.423760533332824707e-03 6.584268808364868164e-01
3.080936670303344727e-01 2.926125377416610718e-02 6.935335993766784668e-01
3.267263770103454590e-01 5.362393707036972046e-02 7.413550615310668945e-01
3.522951304912567139e-01 8.125568181276321411e-02 7.973477244377136230e-01
3.816697597503662109e-01 1.115079000592231750e-01 8.557758927345275879e-01
4.135662913322448730e-01 1.436504721641540527e-01 9.117363691329956055e-01
4.436087608337402344e-01 1.746682524681091309e-01 9.599639773368835449e-01
4.701599478721618652e-01 2.004259228706359863e-01 1.000314831733703613e+00
4.917418360710144043e-01 2.203576266765594482e-01 1.031738877296447754e+00
5.107150673866271973e-01 2.357634603977203369e-01 1.055349111557006836e+00
5.274125337600708008e-01 2.476600706577301025e-01 1.072895884513854980e+00
5.383555293083190918e-01 2.545296251773834229e-01 1.085624933242797852e+00
5.422136783599853516e-01 2.570918202400207520e-01 1.092433214187622070e+00
5.360691547393798828e-01 2.518453001976013184e-01 1.093391537666320801e+00
5.198611617088317871e-01 2.387895286083221436e-01 1.085950493812561035e+00
4.899395704269409180e-01 2.165285944938659668e-01 1.067473649978637695e+00
4.528609514236450195e-01 1.850332617759704590e-01 1.038001775741577148e+00
4.104118347167968750e-01 1.463313400745391846e-01 9.951844811439514160e-01
3.672328591346740723e-01 1.006656512618064880e-01 9.405570030212402344e-01
3.274827003479003906e-01 5.414711683988571167e-02 8.747645020484924316e-01
2.985572218894958496e-01 9.575769305229187012e-03 8.092617988586425781e-01
2.769913673400878906e-01 -2.801654487848281860e-02 7.461332082748413086e-01
2.643405795097351074e-01 -5.597297102212905884e-02 6.941034197807312012e-01
2.561202645301818848e-01 -7.563585042953491211e-02 6.534452438354492188e-01
2.552205324172973633e-01 -8.529073745012283325e-02 6.274626851081848145e-01
2.589752078056335449e-01 -8.464784920215606689e-02 6.142248511314392090e-01
2.664775252342224121e-01 -7.640160620212554932e-02 6.095325946807861328e-01
2.739357948303222656e-01 -6.242579221725463867e-02 6.107022166252136230e-01
2.802187800407409668e-01 -4.559867456555366516e-02 6.148757338523864746e-01
2.849066257476806641e-01 -2.759536355733871460e-02 6.226046085357666016e-01
2.893854081630706787e-01 -9.260915219783782959e-03 6.366309523582458496e-01
2.964478731155395508e-01 9.703919291496276855e-03 6.612788438796997070e-01
3.089951872825622559e-01 3.061348944902420044e-02 6.977806687355041504e-01
3.279072046279907227e-01 5.493769794702529907e-02 7.459961175918579102e-01
3.538195192813873291e-01 8.297119289636611938e-02 8.022885322570800781e-01
3.834441900253295898e-01 1.135263815522193909e-01 8.606044054031372070e-01
4.155070781707763672e-01 1.460509598255157471e-01 9.163347482681274414e-01
4.453733563423156738e-01 1.769384741783142090e-01 9.636685848236083984e-01
4.712245464324951172e-01 2.022158205509185791e-01 1.002997398376464844e+00
4.938407540321350098e-01 2.216643095016479492e-01 1.034434318542480469e+00
5.130710005760192871e-01 2.374436557292938232e-01 1.057352423667907715e+00
5.300179123878479004e-01 2.492017447948455811e-01 1.074996471405029297e+00
5.392442345619201660e-01 2.552385330200195312e-01 1.086811304092407227e+00
5.417180061340332031e-01 2.569547593593597412e-01 1.092530965805053711e+00
5.329392552375793457e-01 2.500033080577850342e-01 1.091970920562744141e+00
5.147500634193420410e-01 2.349146902561187744e-01 1.082623600959777832e+00
4.825159311294555664e-01 2.107698619365692139e-01 1.061210989952087402e+00
4.448904395103454590e-01 1.776367127895355225e-01 1.029421925544738770e+00
4.008611440658569336e-01 1.370006203651428223e-01 9.834241867065429688e-01
3.579258918762207031e-01 8.962702006101608276e-02 9.262413382530212402e-01
3.202114105224609375e-01 4.299614578485488892e-02 8.598798513412475586e-01
2.926194667816162109e-01 -1.121558248996734619e-03 7.938937544822692871e-01
2.734547853469848633e-01 -3.665374964475631714e-02 7.327224612236022949e-01
2.620853781700134277e-01 -6.210475414991378784e-02 6.831462383270263672e-01
2.559649348258972168e-01 -7.879421114921569824e-02 6.465824246406555176e-01
2.564146518707275391e-01 -8.568929135799407959e-02 6.242628097534179688e-01
2.612669467926025391e-01 -8.313898742198944092e-02 6.133845448493957520e-01
2.690684199333190918e-01 -7.334315776824951172e-02 6.107421517372131348e-01
2.765677571296691895e-01 -5.872398614883422852e-02 6.128756999969482422e-01
2.829582095146179199e-01 -4.127257317304611206e-02 6.184383630752563477e-01
2.878071069717407227e-01 -2.299173921346664429e-02 6.276397109031677246e-01
2.922148704528808594e-01 -4.596807062625885010e-03 6.437967419624328613e-01
2.994541525840759277e-01 1.423455029726028442e-02 6.696265935897827148e-01
3.120670914649963379e-01 3.573320060968399048e-02 7.078611254692077637e-01
3.315013051033020020e-01 6.076053529977798462e-02 7.570774555206298828e-01
3.560377955436706543e-01 8.818579465150833130e-02 8.120609521865844727e-01
3.847187757492065430e-01 1.178677603602409363e-01 8.686342835426330566e-01
4.157388806343078613e-01 1.494362354278564453e-01 9.225411415100097656e-01
4.460225105285644531e-01 1.800037920475006104e-01 9.687213897705078125e-01
4.725583791732788086e-01 2.052827179431915283e-01 1.007379770278930664e+00
4.954729676246643066e-01 2.242000401020050049e-01 1.038205385208129883e+00
5.146320462226867676e-01 2.391645610332489014e-01 1.060700654983520508e+00
5.317221283912658691e-01 2.503752112388610840e-01 1.077743411064147949e+00
5.403737425804138184e-01 2.563133835792541504e-01 1.088209509849548340e+00
5.426096916198730469e-01 2.574190199375152588e-01 1.093333482742309570e+00
5.334880948066711426e-01 2.503091096878051758e-01 1.091438293457031250e+00
5.134712457656860352e-01 2.348694205284118652e-01 1.080447912216186523e+00
4.804115891456604004e-01 2.091551125049591064e-01 1.058341383934020996e+00
4.403916597366333008e-01 1.742286980152130127e-01 1.024193763732910156e+00
3.973016738891601562e-01 1.317835152149200439e-01 9.777467846870422363e-01
3.532446026802062988e-01 8.344738930463790894e-02 9.186760783195495605e-01
3.178819417953491211e-01 3.630068153142929077e-02 8.523477315902709961e-01
2.911991477012634277e-01 -6.903879344463348389e-03 7.858629822731018066e-01
2.733607292175292969e-01 -4.091567546129226685e-02 7.256787419319152832e-01
2.623962759971618652e-01 -6.457684934139251709e-02 6.776773929595947266e-01
2.578306496143341064e-01 -7.972484827041625977e-02 6.428965926170349121e-01
2.586479485034942627e-01 -8.506555110216140747e-02 6.217318177223205566e-01
2.643231153488159180e-01 -8.144104480743408203e-02 6.113988161087036133e-01
2.714618444442749023e-01 -7.109744846820831299e-02 6.086478233337402344e-01
2.781271934509277344e-01 -5.677196383476257324e-02 6.106119751930236816e-01
2.834646403789520264e-01 -4.001180827617645264e-02 6.162812113761901855e-01
2.872630357742309570e-01 -2.280759066343307495e-02 6.257563829421997070e-01
2.913334965705871582e-01 -4.979275166988372803e-03 6.445387005805969238e-01
2.984700798988342285e-01 1.299716532230377197e-02 6.717719435691833496e-01
3.106080293655395508e-01 3.394236415624618530e-02 7.109565734863281250e-01
3.301413059234619141e-01 5.859731882810592651e-02 7.598215937614440918e-01
3.543304204940795898e-01 8.625928312540054321e-02 8.139417767524719238e-01
3.828240036964416504e-01 1.161548122763633728e-01 8.695890307426452637e-01
4.142343997955322266e-01 1.481666266918182373e-01 9.228658676147460938e-01
4.443495869636535645e-01 1.787798106670379639e-01 9.682945013046264648e-01
4.723900556564331055e-01 2.040055096149444580e-01 1.007634758949279785e+00
4.952692389488220215e-01 2.231520116329193115e-01 1.037872791290283203e+00
5.162250399589538574e-01 2.383825778961181641e-01 1.061407804489135742e+00
5.328446030616760254e-01 2.503386437892913818e-01 1.077920079231262207e+00
5.418066978454589844e-01 2.562884688377380371e-01 1.088988184928894043e+00
5.428238511085510254e-01 2.576202750205993652e-01 1.093274235725402832e+00
5.333385467529296875e-01 2.497746050357818604e-01 1.091214418411254883e+00
5.113995671272277832e-01 2.341451942920684814e-01 1.078677296638488770e+00
4.782495498657226562e-01 2.071873843669891357e-01 1.056450724601745605e+00
4.368962645530700684e-01 1.714647114276885986e-01 1.021033167839050293e+00
3.942326307296752930e-01 1.283070743083953857e-01 9.740348458290100098e-01
3.496075272560119629e-01 7.971801608800888062e-02 9.135109186172485352e-01
3.155107498168945312e-01 3.210600465536117554e-02 8.470452427864074707e-01
2.892062067985534668e-01 -1.088149100542068481e-02 7.799298763275146484e-01
2.719961106777191162e-01 -4.440354928374290466e-02 7.200412750244140625e-01
2.615368962287902832e-01 -6.729058921337127686e-02 6.727584600448608398e-01
2.584158778190612793e-01 -8.099289238452911377e-02 6.396811604499816895e-01
2.603789269924163818e-01 -8.450125157833099365e-02 6.202582716941833496e-01
2.668169736862182617e-01 -7.936045527458190918e-02 6.111406683921813965e-01
2.744080722332000732e-01 -6.766457855701446533e-02 6.096611022949218750e-01
2.812525629997253418e-01 -5.248396098613739014e-02 6.126925349235534668e-01
2.866698205471038818e-01 -3.501085191965103149e-02 6.202266812324523926e-01
2.903933525085449219e-01 -1.748748868703842163e-02 6.330868005752563477e-01
2.943659424781799316e-01 -1.637786626815795898e-04 6.540492177009582520e-01
3.016974329948425293e-01 1.810938119888305664e-02 6.840797662734985352e-01
3.141299486160278320e-01 3.916298598051071167e-02 7.242797017097473145e-01
3.334900140762329102e-01 6.405545026063919067e-02 7.732905745506286621e-01
3.582026958465576172e-01 9.241566807031631470e-02 8.271445035934448242e-01
3.867030739784240723e-01 1.228585913777351379e-01 8.818248510360717773e-01
4.180774688720703125e-01 1.546429693698883057e-01 9.332287907600402832e-01
4.490048289299011230e-01 1.852150857448577881e-01 9.773353338241577148e-01
4.774597287178039551e-01 2.092384397983551025e-01 1.015829801559448242e+00
4.997410178184509277e-01 2.276580035686492920e-01 1.044150352478027344e+00
5.208197236061096191e-01 2.417108714580535889e-01 1.066677331924438477e+00
5.356319546699523926e-01 2.529277205467224121e-01 1.080810427665710449e+00
5.432986617088317871e-01 2.572601437568664551e-01 1.091205477714538574e+00
5.416381359100341797e-01 2.576617002487182617e-01 1.092790007591247559e+00
5.302382707595825195e-01 2.475591897964477539e-01 1.089787244796752930e+00
5.048930048942565918e-01 2.304148077964782715e-01 1.074327945709228516e+00
4.713094830513000488e-01 2.013588845729827881e-01 1.051096796989440918e+00
4.296014308929443359e-01 1.646295487880706787e-01 1.013608694076538086e+00
3.863173127174377441e-01 1.201239153742790222e-01 9.644819498062133789e-01
3.431173563003540039e-01 7.150771468877792358e-02 9.026756882667541504e-01
3.111086785793304443e-01 2.443609386682510376e-02 8.362645506858825684e-01
2.866298556327819824e-01 -1.666598767042160034e-02 7.700336575508117676e-01
2.709576487541198730e-01 -4.795570671558380127e-02 7.123672366142272949e-01
2.615927457809448242e-01 -6.948481500148773193e-02 6.669842004776000977e-01
2.591322660446166992e-01 -8.163885772228240967e-02 6.357169151306152344e-01
2.618142366409301758e-01 -8.406247943639755249e-02 6.173135042190551758e-01
2.680035531520843506e-01 -7.817147672176361084e-02 6.085211038589477539e-01
2.753021121025085449e-01 -6.602685898542404175e-02 6.071886420249938965e-01
2.815833091735839844e-01 -5.051071941852569580e-02 6.104682683944702148e-01
2.865887284278869629e-01 -3.303308784961700439e-02 6.189007759094238281e-01
2.897915244102478027e-01 -1.568828523159027100e-02 6.339940428733825684e-01
2.940968871116638184e-01 1.071296632289886475e-03 6.565985679626464844e-01
3.009113073348999023e-01 1.849364489316940308e-02 6.877186894416809082e-01
3.137192726135253906e-01 3.880848735570907593e-02 7.279750108718872070e-01
3.324537873268127441e-01 6.266517192125320435e-02 7.756480574607849121e-01
3.572105169296264648e-01 9.060721844434738159e-02 8.280996084213256836e-01
3.855619430541992188e-01 1.209078207612037659e-01 8.814750313758850098e-01
4.177323579788208008e-01 1.528854966163635254e-01 9.324883222579956055e-01
4.485167860984802246e-01 1.838997304439544678e-01 9.757269024848937988e-01
4.771489500999450684e-01 2.073079645633697510e-01 1.014536738395690918e+00
4.992473721504211426e-01 2.259124219417572021e-01 1.042500376701354980e+00
5.213797092437744141e-01 2.403825223445892334e-01 1.065890908241271973e+00
5.360279083251953125e-01 2.520332932472229004e-01 1.080404639244079590e+00
5.441673994064331055e-01 2.566873133182525635e-01 1.091346263885498047e+00
5.428226590156555176e-01 2.572202384471893311e-01 1.094025969505310059e+00
5.312958359718322754e-01 2.479457259178161621e-01 1.091112136840820312e+00
5.068194866180419922e-01 2.312049269676208496e-01 1.076989889144897461e+00
4.731250405311584473e-01 2.032180130481719971e-01 1.053672194480895996e+00
4.320354461669921875e-01 1.670817732810974121e-01 1.017183780670166016e+00
3.890863060951232910e-01 1.237901970744132996e-01 9.686494469642639160e-01
3.468220233917236328e-01 7.572548836469650269e-02 9.078844785690307617e-01
3.143262863159179688e-01 2.879061549901962280e-02 8.412058949470520020e-01
2.892632782459259033e-01 -1.305086910724639893e-02 7.743151187896728516e-01
2.728311121463775635e-01 -4.519645124673843384e-02 7.155584096908569336e-01
2.634852528572082520e-01 -6.763736158609390259e-02 6.691649556159973145e-01
2.608211636543273926e-01 -8.020879328250885010e-02 6.367684602737426758e-01
2.638180851936340332e-01 -8.272693306207656860e-02 6.174924969673156738e-01
2.698124349117279053e-01 -7.661722600460052490e-02 6.080123782157897949e-01
2.768026888370513916e-01 -6.431287527084350586e-02 6.066681146621704102e-01
2.836623191833496094e-01 -4.754202812910079956e-02 6.119705438613891602e-01
2.885925173759460449e-01 -2.955730259418487549e-02 6.222473382949829102e-01
2.921050786972045898e-01 -1.179055124521255493e-02 6.398705244064331055e-01
2.969878911972045898e-01 5.441106855869293213e-03 6.643124222755432129e-01
3.042611479759216309e-01 2.387402206659317017e-02 6.978520154953002930e-01
3.187980651855468750e-01 4.595207422971725464e-02 7.407116293907165527e-01
3.379783034324645996e-01 7.091645151376724243e-02 7.894069552421569824e-01
3.635100722312927246e-01 9.958433359861373901e-02 8.425775766372680664e-01
3.925387263298034668e-01 1.303411126136779785e-01 8.960489630699157715e-01
4.232523441314697266e-01 1.613663136959075928e-01 9.448091387748718262e-01
4.549442529678344727e-01 1.911914944648742676e-01 9.875171184539794922e-01
4.824165701866149902e-01 2.137654721736907959e-01 1.023562312126159668e+00
5.051155686378479004e-01 2.310087978839874268e-01 1.050848126411437988e+00
5.248813033103942871e-01 2.443305552005767822e-01 1.071323633193969727e+00
5.387557148933410645e-01 2.546715438365936279e-01 1.084158062934875488e+00
5.442899465560913086e-01 2.582784295082092285e-01 1.092639565467834473e+00
5.422719717025756836e-01 2.570250034332275391e-01 1.093465924263000488e+00
5.265681147575378418e-01 2.464195191860198975e-01 1.086664915084838867e+00
4.937883019447326660e-01 2.239464521408081055e-01 1.065219044685363770e+00
4.384384155273437500e-01 1.807810068130493164e-01 1.022550225257873535e+00
4.113490581512451172e-01 1.382971107959747314e-01 9.870950579643249512e-01
3.983080983161926270e-01 1.148686334490776062e-01 9.599838256835937500e-01
3.958938717842102051e-01 1.067539826035499573e-01 9.448983073234558105e-01
4.039983749389648438e-01 1.143577769398689270e-01 9.426879286766052246e-01
4.160546660423278809e-01 1.320874392986297607e-01 9.537545442581176758e-01
4.344487786293029785e-01 1.582447588443756104e-01 9.804239273071289062e-01
4.528506398200988770e-01 1.814629733562469482e-01 1.005151987075805664e+00
4.679600000381469727e-01 1.997789442539215088e-01 1.024999022483825684e+00
4.793874621391296387e-01 2.123015224933624268e-01 1.037132263183593750e+00
4.854237437248229980e-01 2.205916345119476318e-01 1.040790677070617676e+00
4.844887852668762207e-01 2.234645783901214600e-01 1.035457134246826172e+00
4.768395423889160156e-01 2.212605178356170654e-01 1.022580504417419434e+00
4.612839818000793457e-01 2.128333151340484619e-01 1.001993298530578613e+00
4.382537007331848145e-01 1.977153122425079346e-01 9.771331548690795898e-01
4.092630147933959961e-01 1.732551157474517822e-01 9.453842043876647949e-01
3.758835792541503906e-01 1.407229602336883545e-01 9.070820808410644531e-01
3.671125173568725586e-01 1.190891340374946594e-01 8.789449334144592285e-01
3.353821635246276855e-01 7.565160840749740601e-02 8.403367400169372559e-01
3.024192452430725098e-01 2.851281315088272095e-02 7.913427948951721191e-01
2.726680040359497070e-01 -1.652740687131881714e-02 7.392279505729675293e-01
2.515395879745483398e-01 -5.341004580259323120e-02 6.933233737945556641e-01
2.386759668588638306e-01 -8.115733414888381958e-02 6.572855114936828613e-01
2.315637767314910889e-01 -9.545361995697021484e-02 6.307390928268432617e-01
2.313286662101745605e-01 -9.992917627096176147e-02 6.183524727821350098e-01
2.354264408349990845e-01 -9.611214697360992432e-02 6.166489720344543457e-01
2.415723800659179688e-01 -8.665388077497482300e-02 6.233778595924377441e-01
2.481422573328018188e-01 -7.386516034603118896e-02 6.350166797637939453e-01
2.730699479579925537e-01 -3.915423899888992310e-02 6.742549538612365723e-01
2.925558090209960938e-01 -1.085400581359863281e-03 7.185331583023071289e-01
3.133128881454467773e-01 3.656820207834243774e-02 7.673840522766113281e-01
3.348707556724548340e-01 7.262749224901199341e-02 8.177907466888427734e-01
3.627276718616485596e-01 1.094983145594596863e-01 8.716154098510742188e-01
3.897982239723205566e-01 1.425556838512420654e-01 9.229025244712829590e-01
4.239054322242736816e-01 1.727221310138702393e-01 9.679315090179443359e-01
4.582950472831726074e-01 2.004252970218658447e-01 1.008097648620605469e+00
4.938035011291503906e-01 2.255985438823699951e-01 1.043190121650695801e+00
5.220907926559448242e-01 2.451858520507812500e-01 1.069655418395996094e+00
5.429361462593078613e-01 2.550413310527801514e-01 1.089229822158813477e+00
5.552914738655090332e-01 2.591639459133148193e-01 1.098119020462036133e+00
5.634708404541015625e-01 2.560595571994781494e-01 1.098597764968872070e+00
5.616940259933471680e-01 2.464418709278106689e-01 1.087630033493041992e+00
5.497126579284667969e-01 2.274940311908721924e-01 1.066387653350830078e+00
5.270583629608154297e-01 2.003546655178070068e-01 1.033868551254272461e+00
4.923709630966186523e-01 1.638211607933044434e-01 9.916533827781677246e-01
4.476069808006286621e-01 1.206585392355918884e-01 9.414232969284057617e-01
4.001703262329101562e-01 7.296913117170333862e-02 8.866494894027709961e-01
3.553560376167297363e-01 2.664586156606674194e-02 8.295084238052368164e-01
3.178262114524841309e-01 -1.666688919067382812e-02 7.734446525573730469e-01
2.877301573753356934e-01 -5.089248716831207275e-02 7.209978699684143066e-01
2.655127048492431641e-01 -7.449187338352203369e-02 6.787276268005371094e-01
2.512369155883789062e-01 -8.687175065279006958e-02 6.507819890975952148e-01
2.438034862279891968e-01 -8.919553458690643311e-02 6.377524137496948242e-01
2.429102510213851929e-01 -8.554913848638534546e-02 6.376479864120483398e-01
2.454968690872192383e-01 -7.773404568433761597e-02 6.454011201858520508e-01
2.524464726448059082e-01 -6.661231815814971924e-02 6.592141389846801758e-01
2.604106664657592773e-01 -5.294018238782882690e-02 6.753106713294982910e-01
2.697939872741699219e-01 -3.790130466222763062e-02 6.932492256164550781e-01
2.794298231601715088e-01 -2.017521113157272339e-02 7.130804657936096191e-01
2.916975319385528564e-01 7.066130638122558594e-04 7.369957566261291504e-01
3.046090006828308105e-01 2.572364360094070435e-02 7.660490870475769043e-01
3.220616579055786133e-01 5.383268743753433228e-02 8.011822104454040527e-01
3.415417671203613281e-01 8.401734381914138794e-02 8.405371308326721191e-01
3.676885366439819336e-01 1.160955205559730530e-01 8.849539756774902344e-01
3.949286937713623047e-01 1.469828486442565918e-01 9.293532371520996094e-01
4.301788806915283203e-01 1.772663295269012451e-01 9.745547175407409668e-01
4.656193256378173828e-01 2.053407728672027588e-01 1.014696478843688965e+00
5.003261566162109375e-01 2.298901677131652832e-01 1.048658132553100586e+00
5.273266434669494629e-01 2.477729320526123047e-01 1.074179053306579590e+00
5.462335348129272461e-01 2.565682232379913330e-01 1.091419816017150879e+00
5.578194260597229004e-01 2.589721381664276123e-01 1.098810672760009766e+00
5.637555122375488281e-01 2.548232972621917725e-01 1.096542119979858398e+00
5.595809221267700195e-01 2.427648603916168213e-01 1.084088087081909180e+00
5.457627773284912109e-01 2.224631011486053467e-01 1.060548424720764160e+00
5.199328660964965820e-01 1.922592222690582275e-01 1.026390314102172852e+00
4.837999343872070312e-01 1.545751988887786865e-01 9.824514985084533691e-01
4.379021525382995605e-01 1.102408543229103088e-01 9.308063983917236328e-01
3.912641406059265137e-01 6.342188268899917603e-02 8.749839663505554199e-01
3.478477001190185547e-01 1.765340566635131836e-02 8.175871968269348145e-01
3.110706806182861328e-01 -2.427855134010314941e-02 7.611799836158752441e-01
2.827252745628356934e-01 -5.576699599623680115e-02 7.100782394409179688e-01
2.621250152587890625e-01 -7.723627239465713501e-02 6.704750657081604004e-01
2.494586855173110962e-01 -8.735574036836624146e-02 6.458834409713745117e-01
2.432607561349868774e-01 -8.817129582166671753e-02 6.360403299331665039e-01
2.431232482194900513e-01 -8.398006111383438110e-02 6.380949616432189941e-01
2.460198849439620972e-01 -7.590919733047485352e-02 6.471079587936401367e-01
2.533636093139648438e-01 -6.453469395637512207e-02 6.616481542587280273e-01
2.609999775886535645e-01 -5.105990916490554810e-02 6.775550842285156250e-01
2.703897356986999512e-01 -3.601842373609542847e-02 6.952072978019714355e-01
2.799853682518005371e-01 -1.792999356985092163e-02 7.151070833206176758e-01
2.929310798645019531e-01 3.813490271568298340e-03 7.400306463241577148e-01
3.067059218883514404e-01 2.992562204599380493e-02 7.704086303710937500e-01
3.252359628677368164e-01 5.901717394590377808e-02 8.071441650390625000e-01
3.469469547271728516e-01 9.056360274553298950e-02 8.486532568931579590e-01
3.730804324150085449e-01 1.221816465258598328e-01 8.934250473976135254e-01
4.023120403289794922e-01 1.530711948871612549e-01 9.382550120353698730e-01
4.380536675453186035e-01 1.826452910900115967e-01 9.827532768249511719e-01
4.743231534957885742e-01 2.104077339172363281e-01 1.022031426429748535e+00
5.083281397819519043e-01 2.342640161514282227e-01 1.054318428039550781e+00
5.329848527908325195e-01 2.494073510169982910e-01 1.078633427619934082e+00
5.506522655487060547e-01 2.571307718753814697e-01 1.094038844108581543e+00
5.625788569450378418e-01 2.589868009090423584e-01 1.100515484809875488e+00
5.674768686294555664e-01 2.547341287136077881e-01 1.096849799156188965e+00
5.612421035766601562e-01 2.413621246814727783e-01 1.083529233932495117e+00
5.456142425537109375e-01 2.204289138317108154e-01 1.058485031127929688e+00
5.173918604850769043e-01 1.890688240528106689e-01 1.023825168609619141e+00
4.777292609214782715e-01 1.511908471584320068e-01 9.789585471153259277e-01
4.313471913337707520e-01 1.062472388148307800e-01 9.276331067085266113e-01
3.829354643821716309e-01 5.966662615537643433e-02 8.712790608406066895e-01
3.406576216220855713e-01 1.374030113220214844e-02 8.135379552841186523e-01
3.048433661460876465e-01 -2.674262970685958862e-02 7.565823793411254883e-01
2.774129509925842285e-01 -5.784529075026512146e-02 7.056759595870971680e-01
2.574732601642608643e-01 -7.879696786403656006e-02 6.665215492248535156e-01
2.458549886941909790e-01 -8.881133049726486206e-02 6.426232457160949707e-01
2.402843087911605835e-01 -9.018240123987197876e-02 6.330243945121765137e-01
2.411563396453857422e-01 -8.613810688257217407e-02 6.352240443229675293e-01
2.447457760572433472e-01 -7.792238891124725342e-02 6.439731717109680176e-01
2.528877556324005127e-01 -6.584000587463378906e-02 6.587150096893310547e-01
2.606450915336608887e-01 -5.186398699879646301e-02 6.747536659240722656e-01
2.696551084518432617e-01 -3.658629208803176880e-02 6.922651529312133789e-01
2.788857817649841309e-01 -1.881400495767593384e-02 7.116646766662597656e-01
2.902600169181823730e-01 2.286337316036224365e-03 7.353444695472717285e-01
3.048601746559143066e-01 2.863711863756179810e-02 7.662650346755981445e-01
3.230339884757995605e-01 5.743304640054702759e-02 8.028879761695861816e-01
3.472752571105957031e-01 9.016729146242141724e-02 8.463891148567199707e-01
3.749634027481079102e-01 1.226761415600776672e-01 8.932218551635742188e-01
4.077856540679931641e-01 1.552306413650512695e-01 9.408082365989685059e-01
4.451704621315002441e-01 1.859179437160491943e-01 9.869920015335083008e-01
4.821643233299255371e-01 2.140408456325531006e-01 1.026668310165405273e+00
5.150644779205322266e-01 2.372013032436370850e-01 1.058572769165039062e+00
5.381972789764404297e-01 2.506991326808929443e-01 1.082305550575256348e+00
5.548660159111022949e-01 2.578430771827697754e-01 1.096323132514953613e+00
5.664803981781005859e-01 2.590836584568023682e-01 1.101841568946838379e+00
5.693420767784118652e-01 2.535715401172637939e-01 1.097110152244567871e+00
5.622919201850891113e-01 2.397070229053497314e-01 1.082778930664062500e+00
5.437459349632263184e-01 2.176682949066162109e-01 1.056848406791687012e+00
5.134927034378051758e-01 1.858311295509338379e-01 1.021091818809509277e+00
4.711864590644836426e-01 1.473916471004486084e-01 9.760248064994812012e-01
4.237220883369445801e-01 1.018423214554786682e-01 9.238358736038208008e-01
3.756044507026672363e-01 5.545162409543991089e-02 8.666706085205078125e-01
3.328098356723785400e-01 8.748948574066162109e-03 8.071582913398742676e-01
2.985219955444335938e-01 -3.030799329280853271e-02 7.494029998779296875e-01
2.718043029308319092e-01 -6.091630086302757263e-02 6.988112330436706543e-01
2.534667253494262695e-01 -8.075897395610809326e-02 6.609753370285034180e-01
2.429797351360321045e-01 -8.955122530460357666e-02 6.390082240104675293e-01
2.389578372240066528e-01 -9.110609441995620728e-02 6.307930946350097656e-01
2.402841746807098389e-01 -8.664825558662414551e-02 6.336064934730529785e-01
2.456178814172744751e-01 -7.761026918888092041e-02 6.435124874114990234e-01
2.533413171768188477e-01 -6.497831642627716064e-02 6.580615043640136719e-01
2.616666555404663086e-01 -5.073445290327072144e-02 6.744901537895202637e-01
2.698330879211425781e-01 -3.506651520729064941e-02 6.918029785156250000e-01
2.794328629970550537e-01 -1.717995107173919678e-02 7.116971611976623535e-01
2.894467711448669434e-01 3.831602632999420166e-03 7.353380322456359863e-01
3.049679398536682129e-01 2.978976815938949585e-02 7.668107151985168457e-01
3.230227828025817871e-01 5.863439291715621948e-02 8.037196993827819824e-01
3.482482433319091797e-01 9.069065004587173462e-02 8.476014733314514160e-01
3.772921562194824219e-01 1.237522736191749573e-01 8.950938582420349121e-01
4.118593931198120117e-01 1.558882296085357666e-01 9.429430961608886719e-01
4.511491060256958008e-01 1.874284446239471436e-01 9.894036650657653809e-01
4.887875318527221680e-01 2.157368957996368408e-01 1.028622627258300781e+00
5.195222496986389160e-01 2.371387779712677002e-01 1.060440659523010254e+00
5.427957773208618164e-01 2.501952946186065674e-01 1.083644270896911621e+00
5.606904029846191406e-01 2.579724490642547607e-01 1.098209738731384277e+00
5.728864669799804688e-01 2.600230872631072998e-01 1.104347348213195801e+00
5.760601758956909180e-01 2.549590766429901123e-01 1.101639270782470703e+00
5.696967840194702148e-01 2.434383928775787354e-01 1.088837265968322754e+00
5.508509874343872070e-01 2.225257456302642822e-01 1.065915107727050781e+00
5.196327567100524902e-01 1.934401094913482666e-01 1.032089352607727051e+00
4.763582348823547363e-01 1.562703549861907959e-01 9.895000457763671875e-01
4.259523153305053711e-01 1.119871363043785095e-01 9.373866915702819824e-01
3.758524060249328613e-01 6.398165971040725708e-02 8.785632848739624023e-01
3.314956426620483398e-01 1.563773304224014282e-02 8.163239955902099609e-01
2.967119812965393066e-01 -2.484919130802154541e-02 7.553098797798156738e-01
2.695949673652648926e-01 -5.730701237916946411e-02 7.020077109336853027e-01
2.511282563209533691e-01 -7.889069616794586182e-02 6.616017818450927734e-01
2.403428107500076294e-01 -8.970070630311965942e-02 6.376695632934570312e-01
2.366365194320678711e-01 -9.299280494451522827e-02 6.280217766761779785e-01
2.375580519437789917e-01 -8.985716849565505981e-02 6.288338303565979004e-01
2.433979511260986328e-01 -8.121415227651596069e-02 6.377958059310913086e-01
2.506359815597534180e-01 -6.891441345214843750e-02 6.511712074279785156e-01
2.588223814964294434e-01 -5.477877333760261536e-02 6.669448018074035645e-01
2.661677002906799316e-01 -3.926610201597213745e-02 6.836123466491699219e-01
2.747718691825866699e-01 -2.230051904916763306e-02 7.022695541381835938e-01
2.847147583961486816e-01 -1.191891729831695557e-03 7.260210514068603516e-01
3.013501763343811035e-01 2.534814924001693726e-02 7.587093114852905273e-01
3.216061592102050781e-01 5.613262206315994263e-02 7.982394099235534668e-01
3.486053943634033203e-01 8.910951763391494751e-02 8.447165489196777344e-01
3.803446292877197266e-01 1.240479424595832825e-01 8.950970172882080078e-01
4.170743823051452637e-01 1.571204960346221924e-01 9.454500675201416016e-01
4.580242037773132324e-01 1.898821890354156494e-01 9.929884672164916992e-01
4.955604076385498047e-01 2.182290852069854736e-01 1.032061100006103516e+00
5.245772600173950195e-01 2.380645573139190674e-01 1.063619732856750488e+00
5.466951727867126465e-01 2.504895329475402832e-01 1.085717439651489258e+00
5.642197132110595703e-01 2.578648030757904053e-01 1.099705457687377930e+00
5.752506852149963379e-01 2.598862051963806152e-01 1.104722023010253906e+00
5.766762495040893555e-01 2.538089752197265625e-01 1.101258516311645508e+00
5.687291622161865234e-01 2.416941821575164795e-01 1.086999535560607910e+00
5.472441911697387695e-01 2.188233435153961182e-01 1.062755227088928223e+00
5.143698453903198242e-01 1.888041198253631592e-01 1.027265906333923340e+00
4.702671766281127930e-01 1.505857408046722412e-01 9.833001494407653809e-01
4.203917980194091797e-01 1.065003946423530579e-01 9.308696389198303223e-01
3.710135221481323242e-01 5.915475636720657349e-02 8.721029162406921387e-01
3.278613984584808350e-01 1.205271482467651367e-02 8.100456595420837402e-01
2.937920093536376953e-01 -2.755480259656906128e-02 7.499173879623413086e-01
2.672684788703918457e-01 -5.898548290133476257e-02 6.978646516799926758e-01
2.496337145566940308e-01 -7.972576469182968140e-02 6.592248678207397461e-01
2.391139268875122070e-01 -9.040579944849014282e-02 6.360322833061218262e-01
2.360359430313110352e-01 -9.362105280160903931e-02 6.269696354866027832e-01
2.371685057878494263e-01 -9.018002450466156006e-02 6.280742287635803223e-01
2.436588853597640991e-01 -8.133623749017715454e-02 6.374114751815795898e-01
2.506167292594909668e-01 -6.880792230367660522e-02 6.506673097610473633e-01
2.591384649276733398e-01 -5.438070744276046753e-02 6.667665243148803711e-01
2.663320302963256836e-01 -3.847815841436386108e-02 6.837353110313415527e-01
2.753515243530273438e-01 -2.089536935091018677e-02 7.033870220184326172e-01
2.852436304092407227e-01 4.214867949485778809e-04 7.276061773300170898e-01
3.015657663345336914e-01 2.645263820886611938e-02 7.601234316825866699e-01
3.222738504409790039e-01 5.705650895833969116e-02 7.996429800987243652e-01
3.495533466339111328e-01 9.018417447805404663e-02 8.462535738945007324e-01
3.823538422584533691e-01 1.253070831298828125e-01 8.970372080802917480e-01
4.190367460250854492e-01 1.581593453884124756e-01 9.470434188842773438e-01
4.599999785423278809e-01 1.908858716487884521e-01 9.943758249282836914e-01
4.972781538963317871e-01 2.191172540187835693e-01 1.033452272415161133e+00
5.262879133224487305e-01 2.387266159057617188e-01 1.064888238906860352e+00
5.483044981956481934e-01 2.512084841728210449e-01 1.086555480957031250e+00
5.657735466957092285e-01 2.583816945552825928e-01 1.100152730941772461e+00
5.760817527770996094e-01 2.598703801631927490e-01 1.104669928550720215e+00
5.769328474998474121e-01 2.531520426273345947e-01 1.100785255432128906e+00
5.679666399955749512e-01 2.401647269725799561e-01 1.086263656616210938e+00
5.459828972816467285e-01 2.172543108463287354e-01 1.061794400215148926e+00
5.104424953460693359e-01 1.868078112602233887e-01 1.025809407234191895e+00
4.654244184494018555e-01 1.482236981391906738e-01 9.811367392539978027e-01
4.141820669174194336e-01 1.038246527314186096e-01 9.277729988098144531e-01
3.651357293128967285e-01 5.562982708215713501e-02 8.683317303657531738e-01
3.232991099357604980e-01 9.666234254837036133e-03 8.057983517646789551e-01
2.899848222732543945e-01 -2.979411929845809937e-02 7.457317113876342773e-01
2.643614411354064941e-01 -6.059840321540832520e-02 6.941482424736022949e-01
2.474661469459533691e-01 -8.080945163965225220e-02 6.563552618026733398e-01
2.373997718095779419e-01 -9.152068942785263062e-02 6.339288353919982910e-01
2.349470555782318115e-01 -9.470169991254806519e-02 6.253970265388488770e-01
2.362811863422393799e-01 -9.093607217073440552e-02 6.265547871589660645e-01
2.431321889162063599e-01 -8.171620219945907593e-02 6.363027095794677734e-01
2.500913143157958984e-01 -6.904798746109008789e-02 6.495970487594604492e-01
2.584815621376037598e-01 -5.450543016195297241e-02 6.655573844909667969e-01
2.655287683010101318e-01 -3.866367042064666748e-02 6.823471188545227051e-01
2.740381360054016113e-01 -2.145494520664215088e-02 7.013764381408691406e-01
2.847206294536590576e-01 4.060342907905578613e-04 7.262383103370666504e-01
3.013964891433715820e-01 2.678706496953964233e-02 7.593232393264770508e-01
3.242377638816833496e-01 5.882807821035385132e-02 8.010124564170837402e-01
3.528265058994293213e-01 9.266949445009231567e-02 8.492907881736755371e-01
3.876268267631530762e-01 1.285457015037536621e-01 9.016180038452148438e-01
4.259223937988281250e-01 1.622983515262603760e-01 9.525390267372131348e-01
4.676695466041564941e-01 1.952131092548370361e-01 9.998713135719299316e-01
5.031956434249877930e-01 2.219229042530059814e-01 1.038036227226257324e+00
5.309131145477294922e-01 2.400496900081634521e-01 1.068208694458007812e+00
5.520421266555786133e-01 2.519197165966033936e-01 1.088672041893005371e+00
5.686551332473754883e-01 2.585361301898956299e-01 1.101137042045593262e+00
5.771213769912719727e-01 2.585630416870117188e-01 1.105018973350524902e+00
5.763719677925109863e-01 2.513823211193084717e-01 1.099423766136169434e+00
5.643404722213745117e-01 2.362921237945556641e-01 1.083620667457580566e+00
5.395939946174621582e-01 2.117347121238708496e-01 1.056318044662475586e+00
5.012155771255493164e-01 1.796824634075164795e-01 1.018919348716735840e+00
4.556050896644592285e-01 1.404683589935302734e-01 9.726647138595581055e-01
4.038513898849487305e-01 9.618455916643142700e-02 9.176796078681945801e-01
3.562899231910705566e-01 4.741831868886947632e-02 8.576132655143737793e-01
3.158917427062988281e-01 2.880282700061798096e-03 7.943237423896789551e-01
2.842036485671997070e-01 -3.515864908695220947e-02 7.358002066612243652e-01
2.598634958267211914e-01 -6.451506167650222778e-02 6.859982013702392578e-01
2.446142137050628662e-01 -8.312296122312545776e-02 6.510150432586669922e-01
2.361571043729782104e-01 -9.277094900608062744e-02 6.311245560646057129e-01
2.347001135349273682e-01 -9.482593089342117310e-02 6.243653893470764160e-01
2.377632707357406616e-01 -8.987278491258621216e-02 6.273785829544067383e-01
2.446011751890182495e-01 -7.983762025833129883e-02 6.374818086624145508e-01
2.517033219337463379e-01 -6.692534685134887695e-02 6.511915922164916992e-01
2.595098018646240234e-01 -5.232784152030944824e-02 6.669121980667114258e-01
2.667039036750793457e-01 -3.664786368608474731e-02 6.835308074951171875e-01
2.747167348861694336e-01 -1.887080073356628418e-02 7.029309868812561035e-01
2.873581647872924805e-01 4.296094179153442383e-03 7.300489544868469238e-01
2.720581293106079102e-01 -1.555062830448150635e-03 7.238097190856933594e-01
2.617527246475219727e-01 -1.628047972917556763e-02 7.101773023605346680e-01
2.535766661167144775e-01 -3.332921117544174194e-02 6.917973756790161133e-01
2.541486024856567383e-01 -4.462195932865142822e-02 6.787405014038085938e-01
2.621372342109680176e-01 -5.011346191167831421e-02 6.718009114265441895e-01
2.782832980155944824e-01 -4.734664410352706909e-02 6.725088357925415039e-01
2.999559938907623291e-01 -3.473400324583053589e-02 6.922422647476196289e-01
3.230751752853393555e-01 -2.100023627281188965e-02 7.177321314811706543e-01
3.464512825012207031e-01 -5.466289818286895752e-03 7.443932294845581055e-01
3.717228174209594727e-01 9.914033114910125732e-03 7.699832916259765625e-01
3.933149576187133789e-01 2.233356982469558716e-02 7.915966510772705078e-01
4.112476110458374023e-01 3.219322115182876587e-02 8.088622689247131348e-01
4.228290915489196777e-01 3.939371556043624878e-02 8.237717747688293457e-01
4.303446412086486816e-01 4.757068306207656860e-02 8.393006920814514160e-01
4.319676160812377930e-01 6.049957126379013062e-02 8.594651222229003906e-01
4.345961809158325195e-01 7.873604446649551392e-02 8.853236436843872070e-01
4.344598650932312012e-01 1.010029390454292297e-01 9.133623242378234863e-01
4.342217445373535156e-01 1.229881718754768372e-01 9.420910477638244629e-01
4.359188079833984375e-01 1.451689898967742920e-01 9.674550890922546387e-01
4.390174150466918945e-01 1.648637950420379639e-01 9.909912943840026855e-01
4.437165260314941406e-01 1.824418008327484131e-01 1.011338949203491211e+00
4.489721059799194336e-01 1.965605914592742920e-01 1.028616666793823242e+00
4.526198506355285645e-01 2.056800127029418945e-01 1.042180538177490234e+00
4.542962312698364258e-01 2.104513049125671387e-01 1.050678491592407227e+00
4.527549743652343750e-01 2.108173072338104248e-01 1.053092241287231445e+00
4.463985562324523926e-01 2.065148353576660156e-01 1.047972083091735840e+00
4.330344796180725098e-01 1.960808336734771729e-01 1.033678293228149414e+00
4.125292301177978516e-01 1.789117455482482910e-01 1.009437322616577148e+00
3.858935236930847168e-01 1.534270942211151123e-01 9.739954471588134766e-01
3.538141250610351562e-01 1.209508106112480164e-01 9.273559451103210449e-01
